----------------------------[needle.Tensor(647.9498538238834), needle.Tensor(647.9498538238834), needle.Tensor([[ 5.92894316e+00  3.38492004e+00  9.63885284e+00  6.89251972e+00
   1.50241023e+01  2.37496116e+01  6.89861652e+01  6.41297136e-01]
 [ 6.27574859e+00  5.77561575e+00  2.91126062e-01  2.08057968e+01
   4.02821612e-02  1.24839238e-02  5.68575969e+01 -8.67868096e-02]
 [ 7.98284998e+00 -7.68102081e-02  2.25139302e-01  2.95688133e+00
   2.12515762e+00  4.05252744e-01  1.10921725e+01 -2.03166195e-01]
 [ 1.46168757e+01  6.78961785e-01  5.52210753e-01 -3.98564092e-01
   2.53943955e+01 -1.82119520e-01  3.09322181e+01  4.58384592e-01]
 [ 1.97943688e+00  5.43574457e-01  2.18833621e-01  1.95634786e-01
   2.94780044e+01  8.35032586e+00  2.58714984e+00  1.51110705e+01]
 [ 7.34464839e+00  2.67337579e+00 -5.33156219e-01  1.02515652e+01
   3.92079800e+00  1.86263720e+01  3.18568579e+01  5.20145935e+00]
 [ 1.87047353e+01  1.14344206e+00  1.04689946e-01  9.76797133e-02
   2.21348179e-02  8.04044744e-01  2.72700459e+00  1.63899787e-01]
 [ 1.99186157e+01  1.20891758e-01  4.27560551e+00  1.82179487e+00
   9.86964351e+00  4.52283415e+00  3.46299864e+01  1.26614305e+01]
 [ 7.00182097e-01  2.10085528e+00  2.46773255e+00  7.26874368e+00
   2.87698103e+00  4.54015523e-01  1.87395366e+01  6.94029748e-01]
 [ 2.14085348e+00  8.34683178e+00  1.21069840e+01  4.18797972e-01
   1.54260022e-01  3.21074901e+00  4.81569588e+00  1.12811059e+01]]), needle.Tensor([[-2.96052744  1.26771773  2.70148627  2.19200228 -3.26748635  4.36082735
   8.35556869  0.93971782]
 [-1.96088841  2.20647852  0.81726497  4.09735323  0.27747603 -0.16591235
   6.86964271  0.29660799]
 [-3.10088515 -0.45374312 -0.61345173  1.41584904 -1.33705249  0.66735545
  -2.865127   -0.14765813]
 [-3.34641198 -1.01109411  0.69577639  1.52606211 -4.50180265 -0.15378441
   4.96162066  1.28262501]
 [ 1.32374175  1.065566   -0.87640809  0.16688624 -4.92351342  2.09879851
  -1.30347359  2.8233908 ]
 [-2.17475839  1.2161211  -0.52343744  3.25642426 -2.27679396  4.07518134
   5.74190386 -2.34431463]
 [-4.22685143  0.61280675  0.40584556  0.44492695  0.0658187  -1.06955243
  -2.30140236 -0.08051571]
 [-3.35282948 -1.55644937  2.0114646   1.56251173 -2.36278545  2.45075059
   6.26370794 -3.42441553]
 [-0.67757228  1.66470548 -1.24642965  2.44927807 -1.65357508  0.82896459
  -4.11198469 -0.67615155]
 [-1.37615277 -2.78987314 -2.96638399  0.41427085 -0.28706148 -1.4311376
   2.02313274  3.43005688]]), needle.Tensor([[-2.00266448  2.67008969  3.56798142  3.14439442 -4.59806122  5.44612516
   8.25630998  0.68243586]
 [-3.20046188  2.61757172  0.35621992  5.07786263  0.14517348 -0.07524409
   8.27664542 -0.29259768]
 [-2.57437783  0.16928126 -0.3670041   2.08841568 -1.5894347   0.60725172
  -3.87144181  1.37592282]
 [-4.36792475 -0.67151196  0.79366124 -0.26117161 -5.64093931  1.18425216
   6.23429727  0.35738005]
 [ 1.49533463  0.51012744 -0.24969375  1.17226432 -5.98718879  3.97862197
  -1.98481186  5.35210021]
 [-3.377225    2.1982809   1.01856722  3.14810491 -1.72206975  4.57068545
   5.54813502 -2.2187548 ]
 [-4.42521711  1.86590969  0.25795514  0.21954101  0.33629986 -0.75175814
  -1.18493169 -2.03562488]
 [-5.94083768 -0.0776715   2.12561807  1.16593996 -4.17712219  1.84548937
   5.52867195 -3.69739898]
 [-1.03336887  1.26199818 -1.97984101  2.96770863 -1.73985509  0.54768989
  -4.55729728 -1.02644111]
 [-1.5556801  -2.99183201 -4.08139473  1.01092792 -0.53737626 -2.24349428
   2.38031632  3.28889761]]), needle.Tensor([[ 0.95786296  1.40237196  0.86649515  0.95239214 -1.33057487  1.08529781
  -0.09925871 -0.25728196]
 [-1.23957347  0.4110932  -0.46104505  0.9805094  -0.13230254  0.09066827
   1.4070027  -0.58920567]
 [ 0.52650733  0.62302438  0.24644763  0.67256665 -0.25238222 -0.06010373
  -1.00631481  1.52358096]
 [-1.02151277  0.33958215  0.09788485 -1.78723371 -1.13913666  1.33803657
   1.27267661 -0.92524496]
 [ 0.17159287 -0.55543857  0.62671434  1.00537808 -1.06367537  1.87982346
  -0.68133827  2.52870941]
 [-1.20246661  0.9821598   1.54200466 -0.10831935  0.55472422  0.49550411
  -0.19376884  0.12555983]
 [-0.19836568  1.25310294 -0.14789042 -0.22538594  0.27048116  0.31779428
   1.11647066 -1.95510916]
 [-2.58800819  1.47877787  0.11415347 -0.39657176 -1.81433674 -0.60526122
  -0.73503599 -0.27298345]
 [-0.35579659 -0.4027073  -0.73341136  0.51843056 -0.08628001 -0.2812747
  -0.44531258 -0.35028955]
 [-0.17952733 -0.20195887 -1.11501074  0.59665706 -0.25031479 -0.81235668
   0.35718357 -0.14115927]]), needle.Tensor([[-2.96052744  1.26771773  2.70148627  2.19200228 -3.26748635  4.36082735
   8.35556869  0.93971782]
 [-1.96088841  2.20647852  0.81726497  4.09735323  0.27747603 -0.16591235
   6.86964271  0.29660799]
 [-3.10088515 -0.45374312 -0.61345173  1.41584904 -1.33705249  0.66735545
  -2.865127   -0.14765813]
 [-3.34641198 -1.01109411  0.69577639  1.52606211 -4.50180265 -0.15378441
   4.96162066  1.28262501]
 [ 1.32374175  1.065566   -0.87640809  0.16688624 -4.92351342  2.09879851
  -1.30347359  2.8233908 ]
 [-2.17475839  1.2161211  -0.52343744  3.25642426 -2.27679396  4.07518134
   5.74190386 -2.34431463]
 [-4.22685143  0.61280675  0.40584556  0.44492695  0.0658187  -1.06955243
  -2.30140236 -0.08051571]
 [-3.35282948 -1.55644937  2.0114646   1.56251173 -2.36278545  2.45075059
   6.26370794 -3.42441553]
 [-0.67757228  1.66470548 -1.24642965  2.44927807 -1.65357508  0.82896459
  -4.11198469 -0.67615155]
 [-1.37615277 -2.78987314 -2.96638399  0.41427085 -0.28706148 -1.4311376
   2.02313274  3.43005688]]), needle.Tensor([[ 1.09935674e+00  7.21276183e-01  5.83524560e-01 -8.58838222e-02
   9.45141018e-02  7.12312741e-01  2.54271994e-01  6.31995011e-01]
 [ 1.35724543e+00  4.33551239e-01 -3.80905339e-01 -3.93319114e-01
  -1.85792456e-01 -1.76923821e-01 -2.47793179e+00 -5.36499141e-01]
 [ 6.11212337e-01 -2.51955504e-01 -1.51654704e-01  1.14603042e-03
   3.48338946e-01 -1.34937289e+00 -1.01041192e-01  9.49620566e-01]
 [ 8.95321121e-01 -6.33455779e-02  3.90504244e-01 -1.68185665e+00
   3.08302379e-02 -1.91911984e+00 -1.75763376e+00  7.16677628e-01]
 [ 6.41566240e-01 -1.48326122e+00 -7.05161561e-01 -8.38606609e-01
   1.42536031e+00 -7.11896872e-01  7.93655051e-01  7.24585931e-02]
 [ 2.00756854e-02  4.66674419e-01  4.31819875e-01  6.69624792e-02
   1.54524377e+00 -1.31942763e+00 -1.33056910e-01 -4.65741354e-01]
 [ 4.20178574e-01  7.36748727e-01  1.07513310e-01  3.63517455e-01
  -7.65063898e-01 -2.43192369e-01  2.12129922e+00  8.78323368e-01]
 [ 5.27687707e-01 -4.98848329e-01  2.15308807e-01  5.60934662e-01
  -7.76116862e-01  2.31186191e-01  6.92480002e-02 -5.73811588e-01]
 [ 3.83902520e-01 -8.01138111e-01  1.60185334e+00 -3.46444456e-01
  -3.81240508e-01  4.78220023e-01  2.14923053e+00 -8.99228978e-01]]), needle.Tensor([[ 0.28212389 -1.38915281  0.06182507 -0.85278648 -1.31010251 -0.97171738
   0.7740566  -1.14935373  1.2548806 ]
 [-0.23087948 -0.99096384  0.29667744 -1.22159085 -0.61900566  1.6570036
   1.653413    0.57832217 -0.22333724]
 [-0.7502351  -0.94252917  0.67364817 -0.061746   -1.17990623 -0.61745419
  -1.41325326  0.43447205 -0.57146879]
 [-2.1923746  -1.04279363  1.48557435 -0.06290646 -1.35974056 -1.50780032
   0.87552896 -0.37710135  0.94082167]
 [ 0.50177007  0.30690814  0.55161103  0.38233934 -0.73886442 -2.328444
   0.62279673  0.21647941 -0.4663787 ]
 [-0.99312286  0.33776747 -1.84030797 -1.49182967 -0.02532373  0.14357647
   1.80624731  0.25664182  0.09919551]
 [-1.27889345 -0.9350858   0.72688659  0.17326941 -1.61027677  0.14247643
  -1.21110893 -1.17063874  0.01481733]
 [-2.13716067 -0.08731628 -0.39462403 -0.98904695 -0.66446911 -0.24478304
   0.45705228 -0.57004784  2.03664886]
 [-0.11251931  0.14288664 -0.23746028 -0.23704188 -0.95842303  0.23997152
  -0.27345212  1.61879159 -1.35368173]
 [-0.99355894 -0.91540833  2.36613368 -0.43113893  0.64973287 -1.75567563
  -0.01995923 -0.49923037 -0.55071716]])]1 